import matplotlib.pyplot as plt

# Your data points
data = [

# Elastic region
(0.0, 0.0),
(0.2, 4.2),
(0.4, 8.5),
(0.6, 12.1),
(0.8, 16.2),
(1.0, 20.5),
(1.2, 24.8),
(1.4, 29.3),
(1.6, 33.1),
(1.8, 37.5),
(2.0, 41.9),
(2.2, 47.0),
(2.4, 52.6),
(2.6, 58.9),
(2.8, 66.3),
(3.0, 74.0),
(3.2, 82.5),
(3.4, 92.0),
(3.6, 102.8),
(3.65, 105.4),
(3.7, 107.9),
(3.75, 110.5),
(3.8, 112.9),
(3.85, 115.4),
(3.9, 117.7),
(3.95, 120.0),
(4.0, 122.2),
(4.05, 124.0),
(4.1, 125.5),
(4.15, 126.8),
(4.2, 128.0),
(4.25, 129.0),
(4.3, 129.8),
(4.35, 130.5),
(4.4, 131.2),
(4.45, 131.8),
(4.5, 132.3),
(4.55, 132.8),
(4.6, 133.2),
(4.65, 133.6),
(4.7, 134.0),
(4.75, 134.4),
(4.8, 134.8),
(4.85, 135.2),
(4.9, 135.7),
(4.95, 136.2),
(5.0, 136.8),
(5.05, 137.4),
(5.1, 138.0),
(5.15, 138.6),
(5.2, 139.3),
(5.25, 140.0),
(5.3, 140.7),
(5.35, 141.5),
(5.4, 142.3),
(5.45, 143.2),
(5.5, 144.1),
(5.55, 145.0),
(5.6, 145.9),
(5.65, 146.8),
(5.7, 147.8),
(5.75, 148.7),
(5.8, 149.7),
(5.85, 150.7),
(5.9, 151.7),
(5.95, 152.7),
(6.0, 153.7),
(6.2, 156.1),
(6.4, 158.7),
(6.6, 161.1),
(6.8, 163.2),
(7.0, 165.3),
(7.2, 167.1),
(7.4, 168.9),
(7.6, 170.5),
(7.8, 172.0),
(8.0, 173.4),
(8.2, 174.6),
(8.4, 175.8),
(8.6, 176.9),
(8.8, 178.0),
(9.0, 179.0),
(9.2, 179.9),
(9.4, 180.7),
(9.6, 181.4),
(9.8, 182.0),
(10.0, 182.6),
(10.2, 183.2),
(10.4, 183.8),
(10.6, 184.2),
(10.8, 184.7),
(11.0, 185.2),
(11.2, 185.6),
(11.4, 186.0),
(11.6, 186.2),
(11.8, 186.5),
(12.0, 186.8),

# Necking region (smooth drop)
(12.2, 186.6),
(12.4, 186.0),
(12.6, 185.4),
(12.8, 184.7),
(13.0, 184.0),
(13.2, 183.1),
(13.4, 182.2),
(13.6, 181.0),
(13.8, 179.8),
(14.0, 178.6),
(14.2, 176.9),
(14.4, 175.2),
(14.6, 173.5),
(14.8, 171.5),
(15.0, 169.4),
(15.2, 167.3),
(15.4, 165.1),
(15.6, 162.8),
(15.8, 160.5),
(16.0, 158.0),
(16.2, 155.5),
(16.4, 152.9),
(16.6, 150.3),
(16.8, 147.6),
(17.0, 144.9),
(17.2, 142.1),
(17.4, 139.2),
(17.6, 136.3),
(17.8, 133.3),
(18.0, 130.2)

]

# Separate x and y
x = [point[0] for point in data]
y = [point[1] for point in data]

# Plot
plt.figure(figsize=(7,5))

plt.plot(x, y, linewidth=1.5)


plt.xlabel("Load (kN)")
plt.ylabel("Displacement (mm)")

plt.xlim(left=0)
plt.ylim(bottom=0)

plt.tight_layout()

plt.savefig("Tensile Graph.png",
            dpi=600,
            bbox_inches='tight')

plt.show()
